LV_DwSS__Woelbfunktion       //Benutzername
3-zelliger Kasten 19x38      //Bezeichnung-des-Profils
-------------------------------------------------
Anzahl Knoten : Abschnitte
--------------------------
        12       14
Knotenkoordinaten
    Y	     Z
-----------------
  -40.0000  10.000
  -20.000   10.000
  -20.000  -15.000
    0.000   10.000
    0.000  -15.000
   20.000   10.000
   20.000  -15.000
   40.000   10.000
   40.000   16.000
   50.000   20.000
  -40.0     16.0
  -50.0     20.0
Anfangspunkt : Endpunkt : Dicke
-------------------------------
  1  2 0.600
  1  3 0.500
  2  3 0.800
  2  4 0.600
  3  5 0.500
  4  6 0.600
  5  7 0.500
  6  7 0.800
  6  8 0.600
  8  7 0.500
  8  9  0.5
  9  10 0.5
  1  11  0.5
  11  12  0.5








